1 T 42.866630000 -76.983420000 144.0
1 T 42.866150000 -76.983380000 143.6
1 T 42.865860000 -76.983360000 142.9
1 T 42.865810000 -76.983470000 142.9
1 T 42.865770000 -76.983560000 143.7
1 T 42.865450000 -76.983560000 145.4
1 T 42.865140000 -76.983550000 148.3
1 T 42.865030000 -76.983540000 149.0
1 T 42.864900000 -76.983520000 149.9
1 T 42.864820000 -76.983880000 154.7
1 T 42.864730000 -76.984310000 159.2
1 T 42.864580000 -76.984290000 159.5
1 T 42.864570000 -76.984330000 159.5
1 T 42.861200000 -76.983030000 163.5
1 T 42.859790000 -76.982480000 163.6
1 T 42.859050000 -76.982210000 162.5
1 T 42.857960000 -76.981870000 162.8
1 T 42.856990000 -76.981590000 160.6
1 T 42.856210000 -76.981420000 162.7
1 T 42.854060000 -76.981020000 162.1
1 T 42.852600000 -76.980790000 158.4
1 T 42.852290000 -76.980790000 156.9
1 T 42.851520000 -76.981000000 150.0
1 T 42.851130000 -76.981090000 145.4
1 T 42.850970000 -76.981100000 144.4
1 T 42.850760000 -76.981080000 144.1
1 T 42.850350000 -76.980990000 143.3
1 T 42.850080000 -76.980900000 142.4
1 T 42.849490000 -76.980750000 145.3
1 T 42.849010000 -76.980610000 149.6
1 T 42.848770000 -76.980510000 149.7
1 T 42.848170000 -76.980180000 156.0
1 T 42.847920000 -76.980070000 156.8
1 T 42.847600000 -76.979980000 156.0
1 T 42.845170000 -76.979540000 156.7
1 T 42.839710000 -76.978680000 158.0
1 T 42.839370000 -76.978660000 157.6
1 T 42.838850000 -76.978660000 157.3
1 T 42.838360000 -76.978700000 156.9
1 T 42.837440000 -76.978860000 154.8
1 T 42.831640000 -76.979870000 141.7
1 T 42.831130000 -76.979910000 142.1
1 T 42.830690000 -76.979900000 142.2
1 T 42.830230000 -76.979850000 142.4
1 T 42.829180000 -76.979650000 144.5
1 T 42.827050000 -76.979250000 151.1
1 T 42.822190000 -76.978550000 155.9
1 T 42.819390000 -76.978140000 146.7
1 T 42.817870000 -76.977890000 144.4
1 T 42.815450000 -76.977500000 141.4
1 T 42.812920000 -76.977090000 142.5
2 T 42.812910000 -76.977080000 142.5
2 T 42.812910000 -76.977090000 142.5
2 T 42.812140000 -76.976990000 137.7
2 T 42.811710000 -76.976960000 139.3
2 T 42.810630000 -76.976860000 140.0
2 T 42.809240000 -76.976850000 140.5
2 T 42.807660000 -76.976870000 143.9
2 T 42.807180000 -76.976900000 144.4
2 T 42.804750000 -76.977120000 147.5
2 T 42.802390000 -76.977360000 149.8
2 T 42.799010000 -76.977650000 149.5
2 T 42.798430000 -76.977680000 150.3
2 T 42.797760000 -76.977670000 150.7
2 T 42.797340000 -76.977610000 150.5
2 T 42.795980000 -76.977310000 149.7
2 T 42.794900000 -76.977030000 146.2
2 T 42.793160000 -76.976650000 146.5
2 T 42.791460000 -76.976270000 150.3
2 T 42.788920000 -76.975720000 146.5
2 T 42.788470000 -76.975660000 144.9
2 T 42.787960000 -76.975600000 144.7
2 T 42.787460000 -76.975600000 143.7
2 T 42.787050000 -76.975610000 141.2
2 T 42.786320000 -76.975680000 141.8
2 T 42.785750000 -76.975810000 141.9
2 T 42.785270000 -76.975960000 141.7
2 T 42.783040000 -76.976870000 140.7
2 T 42.782060000 -76.977280000 144.7
2 T 42.780900000 -76.977660000 144.0
2 T 42.775000000 -76.978650000 141.3
2 T 42.774860000 -76.978660000 140.6
3 T 42.774840000 -76.978630000 140.6
3 T 42.774840000 -76.978660000 140.6
3 T 42.773780000 -76.978750000 142.9
3 T 42.773410000 -76.978730000 142.6
3 T 42.772970000 -76.978670000 140.6
3 T 42.772670000 -76.978610000 140.4
3 T 42.770820000 -76.978010000 140.0
3 T 42.767510000 -76.976920000 142.5
3 T 42.766620000 -76.976670000 142.8
3 T 42.765510000 -76.976440000 142.2
3 T 42.764680000 -76.976330000 140.4
3 T 42.763200000 -76.976180000 140.6
3 T 42.760900000 -76.975970000 141.3
3 T 42.759680000 -76.975840000 140.4
3 T 42.757680000 -76.975600000 140.7
3 T 42.756670000 -76.975470000 141.5
3 T 42.755800000 -76.975320000 141.4
3 T 42.754300000 -76.974980000 141.2
3 T 42.752510000 -76.974460000 142.8
3 T 42.748850000 -76.973370000 144.1
3 T 42.748230000 -76.973190000 144.4
3 T 42.747680000 -76.973070000 144.4
3 T 42.747030000 -76.972960000 146.0
3 T 42.746380000 -76.972880000 146.5
3 T 42.745700000 -76.972850000 147.7
3 T 42.744740000 -76.972840000 149.2
3 T 42.742130000 -76.972850000 153.3
3 T 42.739770000 -76.972830000 156.6
3 T 42.738630000 -76.972800000 159.5
3 T 42.737940000 -76.972750000 162.0
3 T 42.736690000 -76.972660000 164.7
3 T 42.735930000 -76.972600000 165.7
3 T 42.735090000 -76.972450000 166.2
3 T 42.731870000 -76.971670000 165.4
3 T 42.731400000 -76.971580000 166.4
3 T 42.730970000 -76.971530000 165.9
3 T 42.730510000 -76.971510000 165.4
3 T 42.729990000 -76.971510000 165.6
3 T 42.729380000 -76.971550000 166.5
3 T 42.726300000 -76.971830000 170.0
3 T 42.725550000 -76.971950000 169.3
3 T 42.724970000 -76.972090000 169.9
3 T 42.724580000 -76.972210000 169.5
3 T 42.724160000 -76.972370000 171.4
3 T 42.721280000 -76.973640000 178.8
3 T 42.720320000 -76.974050000 183.4
3 T 42.719300000 -76.974440000 187.1
3 T 42.716630000 -76.975380000 192.7
3 T 42.715770000 -76.975640000 193.8
3 T 42.715410000 -76.975710000 194.3
3 T 42.715090000 -76.975760000 194.3
3 T 42.714620000 -76.975790000 194.3
3 T 42.709620000 -76.975900000 198.3
3 T 42.708570000 -76.975910000 199.7
3 T 42.705780000 -76.975880000 201.8
3 T 42.705830000 -76.973970000 194.5
4 T 42.705830000 -76.973890000 194.2
4 T 42.705840000 -76.973900000 194.3
4 T 42.705880000 -76.972910000 189.9
4 T 42.706000000 -76.970730000 181.4
4 T 42.706360000 -76.965430000 163.7
4 T 42.706490000 -76.963570000 155.5
4 T 42.706330000 -76.963520000 155.8
4 T 42.706150000 -76.963480000 156.0
4 T 42.705620000 -76.963480000 156.8
4 T 42.702970000 -76.963500000 161.4
4 T 42.701950000 -76.963510000 162.8
4 T 42.700890000 -76.963500000 164.6
4 T 42.699970000 -76.963460000 164.4
4 T 42.699970000 -76.963460000 164.4
4 T 42.699470000 -76.963440000 163.9
4 T 42.697160000 -76.963440000 166.7
4 T 42.695180000 -76.963480000 166.9
4 T 42.692070000 -76.963500000 165.4
4 T 42.689410000 -76.963500000 162.5
4 T 42.689180000 -76.963480000 162.0
4 T 42.689010000 -76.963440000 161.4
4 T 42.688800000 -76.963330000 160.8
4 T 42.687740000 -76.962360000 156.4
4 T 42.686550000 -76.961250000 154.6
4 T 42.686000000 -76.960710000 151.7
4 T 42.685380000 -76.959990000 148.4
4 T 42.684890000 -76.959530000 154.3
4 T 42.684760000 -76.959360000 155.1
4 T 42.684660000 -76.959260000 155.2
4 T 42.684410000 -76.959080000 156.0
4 T 42.683600000 -76.958450000 156.7
4 T 42.683450000 -76.958330000 156.5
4 T 42.683450000 -76.958330000 156.5
4 T 42.683020000 -76.957980000 155.4
5 T 42.683050000 -76.957960000 155.3
5 T 42.683260000 -76.957460000 155.3
5 T 42.683400000 -76.957160000 155.1
5 T 42.683640000 -76.956650000 154.9
5 T 42.683880000 -76.956100000 154.7
5 T 42.684120000 -76.955540000 154.4
5 T 42.683820000 -76.955270000 154.5
5 T 42.683490000 -76.955020000 154.7
5 T 42.683150000 -76.954760000 153.9
5 T 42.682830000 -76.954490000 151.0
5 T 42.682510000 -76.954280000 148.8
5 T 42.682270000 -76.954180000 148.7
5 T 42.681840000 -76.954070000 148.5
5 T 42.681370000 -76.953990000 145.4
5 T 42.680720000 -76.953860000 141.3
5 T 42.679740000 -76.953680000 142.3
5 T 42.679530000 -76.953530000 145.7
5 T 42.678970000 -76.952890000 150.4
5 T 42.678540000 -76.952500000 149.5
5 T 42.677580000 -76.951740000 158.4
5 T 42.676710000 -76.951060000 169.6
5 T 42.675870000 -76.950330000 176.2
5 T 42.675030000 -76.949850000 178.3
5 T 42.673830000 -76.949140000 179.4
5 T 42.673830000 -76.949150000 179.5
5 T 42.673600000 -76.949010000 179.3
5 T 42.673480000 -76.949390000 180.4
5 T 42.673340000 -76.949260000 179.9
5 T 42.673260000 -76.949200000 179.7
5 T 42.673150000 -76.949110000 179.6
5 T 42.672970000 -76.948970000 179.4
5 T 42.672710000 -76.948800000 179.6
5 T 42.672060000 -76.948440000 179.0
5 T 42.671870000 -76.948350000 178.3
5 T 42.671870000 -76.948350000 178.3
5 T 42.663310000 -76.944390000 190.1
5 T 42.662870000 -76.944230000 192.0
5 T 42.662280000 -76.944050000 194.8
5 T 42.661800000 -76.943950000 196.5
5 T 42.661430000 -76.943910000 197.6
5 T 42.660990000 -76.943880000 199.4
5 T 42.659680000 -76.943860000 201.8
5 T 42.658100000 -76.943810000 206.4
5 T 42.655260000 -76.943820000 223.6
5 T 42.649730000 -76.943810000 232.8
5 T 42.645020000 -76.943830000 230.0
5 T 42.641020000 -76.943840000 226.3
5 T 42.638570000 -76.943840000 228.4
5 T 42.620220000 -76.943870000 234.7
5 T 42.620070000 -76.943820000 234.5
5 T 42.619990000 -76.943670000 234.0
5 T 42.619820000 -76.943600000 233.5
5 T 42.619520000 -76.943580000 232.9
5 T 42.619070000 -76.943580000 232.7
6 T 42.619040000 -76.943550000 232.5
6 T 42.618510000 -76.943560000 232.0
6 T 42.618420000 -76.943630000 232.1
6 T 42.618300000 -76.943860000 232.0
6 T 42.618300000 -76.943880000 231.9
6 T 42.612210000 -76.943900000 225.1
6 T 42.605270000 -76.943920000 221.9
6 T 42.602450000 -76.943940000 215.2
6 T 42.600400000 -76.943950000 216.8
6 T 42.597110000 -76.943930000 219.7
6 T 42.596000000 -76.943890000 219.1
6 T 42.595550000 -76.943830000 217.3
6 T 42.595000000 -76.943710000 217.3
6 T 42.594550000 -76.943570000 216.7
6 T 42.594240000 -76.943440000 216.7
6 T 42.593960000 -76.943310000 217.0
6 T 42.593520000 -76.943090000 218.2
6 T 42.593010000 -76.942780000 219.4
6 T 42.592570000 -76.942440000 219.1
6 T 42.592180000 -76.942110000 219.9
6 T 42.591880000 -76.941810000 220.9
6 T 42.589510000 -76.939280000 224.9
6 T 42.588370000 -76.938070000 227.8
6 T 42.587870000 -76.937570000 227.3
6 T 42.587460000 -76.937210000 226.6
6 T 42.586840000 -76.936770000 223.9
6 T 42.581030000 -76.932930000 205.9
6 T 42.578840000 -76.931470000 210.4
6 T 42.578010000 -76.930880000 210.4
6 T 42.574720000 -76.928580000 209.6
6 T 42.573160000 -76.927500000 206.1
6 T 42.572560000 -76.927070000 207.8
6 T 42.571710000 -76.926520000 209.7
6 T 42.571020000 -76.926130000 209.5
6 T 42.570270000 -76.925760000 208.8
6 T 42.567530000 -76.924680000 198.6
6 T 42.556830000 -76.920510000 194.2
7 T 42.556760000 -76.920470000 194.3
7 T 42.556760000 -76.920480000 194.3
7 T 42.555680000 -76.920090000 193.6
7 T 42.555090000 -76.919930000 194.2
7 T 42.554370000 -76.919750000 194.2
7 T 42.553570000 -76.919620000 196.0
7 T 42.552520000 -76.919550000 197.5
7 T 42.549670000 -76.919570000 199.9
7 T 42.549230000 -76.919560000 200.1
7 T 42.548640000 -76.919530000 199.7
7 T 42.547570000 -76.919380000 203.6
7 T 42.545570000 -76.919140000 209.0
7 T 42.536900000 -76.918040000 210.2
7 T 42.533750000 -76.917650000 210.5
7 T 42.531530000 -76.917410000 211.9
7 T 42.530300000 -76.917360000 217.5
7 T 42.529800000 -76.917380000 220.2
7 T 42.529360000 -76.917440000 222.1
7 T 42.528550000 -76.917700000 226.8
7 T 42.526810000 -76.918290000 234.7
7 T 42.526120000 -76.918540000 236.8
7 T 42.525150000 -76.918960000 237.2
7 T 42.518500000 -76.922000000 248.1
7 T 42.517940000 -76.922240000 247.9
7 T 42.517370000 -76.922440000 248.5
7 T 42.517000000 -76.922530000 248.5
7 T 42.516720000 -76.922580000 249.0
7 T 42.515100000 -76.922830000 246.7
7 T 42.506940000 -76.924040000 251.7
7 T 42.504700000 -76.924350000 257.4
7 T 42.504210000 -76.924400000 257.7
7 T 42.503820000 -76.924410000 258.1
7 T 42.503080000 -76.924410000 259.2
7 T 42.501930000 -76.924380000 259.7
7 T 42.501890000 -76.924390000 259.8
7 T 42.501830000 -76.924400000 260.0
7 T 42.501130000 -76.924390000 260.3
7 T 42.500670000 -76.924380000 260.5
7 T 42.500680000 -76.924290000 260.3
7 T 42.500710000 -76.923460000 253.4
7 T 42.500760000 -76.921990000 240.4
8 T 42.500760000 -76.921960000 240.2
8 T 42.500760000 -76.921960000 240.2
8 T 42.500850000 -76.918630000 217.6
8 T 42.500850000 -76.918140000 213.4
8 T 42.500830000 -76.918020000 212.6
8 T 42.500780000 -76.917910000 211.9
8 T 42.500660000 -76.917820000 211.2
8 T 42.500230000 -76.917680000 210.3
8 T 42.499090000 -76.917330000 205.5
8 T 42.498160000 -76.917010000 202.6
8 T 42.497560000 -76.916920000 201.2
8 T 42.496410000 -76.916780000 198.8
8 T 42.495780000 -76.916700000 197.5
8 T 42.495520000 -76.916640000 196.5
8 T 42.495190000 -76.916520000 194.2
8 T 42.494500000 -76.916090000 189.4
8 T 42.493510000 -76.915430000 182.9
8 T 42.493050000 -76.915150000 178.1
8 T 42.492060000 -76.914590000 165.1
8 T 42.491760000 -76.914280000 159.4
8 T 42.491640000 -76.914200000 156.6
8 T 42.491380000 -76.914020000 151.1
8 T 42.491160000 -76.913900000 149.1
8 T 42.490860000 -76.913810000 146.3
8 T 42.490780000 -76.913750000 143.7
8 T 42.490730000 -76.913660000 141.7
8 T 42.490710000 -76.913440000 138.8
8 T 42.490710000 -76.913220000 138.0
8 T 42.490580000 -76.913220000 138.1
8 T 42.490210000 -76.913250000 137.1
8 T 42.489890000 -76.913290000 139.0
8 T 42.489280000 -76.913470000 147.0
8 T 42.489040000 -76.913520000 149.0
8 T 42.488740000 -76.913520000 148.4
8 T 42.487960000 -76.913530000 154.1
8 T 42.487560000 -76.913620000 159.8
8 T 42.487190000 -76.913740000 164.5
8 T 42.487190000 -76.913740000 164.5
8 T 42.486040000 -76.914080000 177.5
8 T 42.485760000 -76.914200000 180.4
8 T 42.485630000 -76.914300000 182.9
8 T 42.485550000 -76.914420000 185.2
8 T 42.485480000 -76.914580000 187.0
8 T 42.485440000 -76.914740000 188.9
8 T 42.485360000 -76.915530000 199.8
8 T 42.485210000 -76.916200000 207.6
8 T 42.485060000 -76.916810000 215.2
8 T 42.484700000 -76.919910000 233.2
8 T 42.484530000 -76.922070000 242.6
8 T 42.484370000 -76.924100000 251.3
8 T 42.484360000 -76.924330000 252.7
8 T 42.483650000 -76.924350000 252.6
8 T 42.482100000 -76.924390000 252.1
8 T 42.480230000 -76.924450000 248.2
8 T 42.479790000 -76.924430000 251.1
8 T 42.479790000 -76.924430000 251.1
8 T 42.479440000 -76.924370000 251.1
8 T 42.478880000 -76.924210000 251.7
8 T 42.478500000 -76.924020000 250.6
8 T 42.476680000 -76.922980000 249.0
8 T 42.474110000 -76.921550000 247.6
8 T 42.471270000 -76.919950000 246.5
8 T 42.466220000 -76.917110000 248.5
8 T 42.465030000 -76.916440000 249.1
9 T 42.465000000 -76.916400000 249.0
9 T 42.464270000 -76.916010000 249.4
9 T 42.462300000 -76.914920000 250.0
9 T 42.458840000 -76.912960000 251.8
9 T 42.457820000 -76.912400000 252.3
9 T 42.455120000 -76.910870000 254.4
9 T 42.454720000 -76.910670000 254.3
9 T 42.453700000 -76.910220000 254.8
9 T 42.453170000 -76.909960000 254.6
9 T 42.450840000 -76.909060000 257.1
9 T 42.449670000 -76.908720000 256.6
9 T 42.449070000 -76.908600000 257.2
9 T 42.447850000 -76.908400000 258.2
9 T 42.446640000 -76.908240000 259.6
9 T 42.445450000 -76.908110000 259.2
9 T 42.442490000 -76.907900000 259.8
9 T 42.437190000 -76.907440000 257.8
9 T 42.436720000 -76.907430000 258.1
9 T 42.434810000 -76.907280000 258.6
9 T 42.432880000 -76.907090000 260.6
9 T 42.431940000 -76.907050000 262.2
9 T 42.431650000 -76.907010000 262.1
9 T 42.431350000 -76.906940000 261.7
9 T 42.430810000 -76.906840000 263.2
9 T 42.430730000 -76.906820000 263.3
9 T 42.430650000 -76.906740000 262.9
9 T 42.430600000 -76.906560000 261.6
9 T 42.430560000 -76.906410000 261.0
9 T 42.430540000 -76.906250000 260.3
9 T 42.430530000 -76.906120000 259.9
9 T 42.430460000 -76.906060000 260.1
9 T 42.430400000 -76.906050000 260.3
9 T 42.430260000 -76.906050000 260.1
9 T 42.429910000 -76.906050000 259.9
9 T 42.429870000 -76.906020000 259.7
9 T 42.429840000 -76.905940000 259.4
9 T 42.429830000 -76.905800000 258.9
9 T 42.429820000 -76.905660000 258.3
9 T 42.429780000 -76.905540000 257.7
9 T 42.429730000 -76.905430000 257.1
9 T 42.429660000 -76.905340000 256.9
9 T 42.429580000 -76.905280000 256.8
9 T 42.429480000 -76.905180000 256.7
9 T 42.429370000 -76.905060000 256.1
9 T 42.429250000 -76.905020000 256.1
9 T 42.429100000 -76.904990000 256.5
9 T 42.428920000 -76.904970000 256.9
9 T 42.428740000 -76.905020000 257.4
9 T 42.428600000 -76.905060000 257.6
9 T 42.428490000 -76.905100000 257.8
9 T 42.428410000 -76.905170000 258.2
10 T 42.428390000 -76.905200000 258.4
10 T 42.428340000 -76.905430000 259.3
10 T 42.428260000 -76.906310000 264.6
10 T 42.428260000 -76.906340000 264.6
10 T 42.426270000 -76.905870000 266.7
10 T 42.425470000 -76.905640000 267.0
10 T 42.424950000 -76.905460000 266.6
10 T 42.424390000 -76.905220000 265.8
10 T 42.424320000 -76.905230000 266.3
10 T 42.423330000 -76.904800000 264.5
10 T 42.419670000 -76.903270000 262.7
10 T 42.417600000 -76.902450000 260.8
10 T 42.415970000 -76.901880000 259.9
10 T 42.415210000 -76.901630000 259.6
10 T 42.413260000 -76.900970000 259.1
10 T 42.412580000 -76.900760000 259.2
10 T 42.411370000 -76.900210000 258.8
10 T 42.410010000 -76.899470000 257.5
10 T 42.408400000 -76.898630000 257.4
10 T 42.405940000 -76.897340000 255.0
10 T 42.405430000 -76.897040000 254.0
10 T 42.405120000 -76.896820000 253.5
10 T 42.404860000 -76.896600000 252.8
10 T 42.404360000 -76.896150000 251.0
10 T 42.403790000 -76.895500000 248.8
10 T 42.403480000 -76.895080000 246.4
10 T 42.402510000 -76.893760000 239.2
10 T 42.401790000 -76.892770000 233.0
10 T 42.400410000 -76.890880000 221.5
10 T 42.399930000 -76.890320000 218.1
10 T 42.399410000 -76.889800000 213.9
10 T 42.399180000 -76.889600000 212.6
10 T 42.398000000 -76.888750000 205.2
10 T 42.396690000 -76.887900000 200.6
10 T 42.396290000 -76.887620000 199.7
10 T 42.395860000 -76.887270000 198.6
10 T 42.395570000 -76.887030000 197.0
10 T 42.394790000 -76.886230000 191.1
10 T 42.391930000 -76.883240000 170.6
10 T 42.391610000 -76.882870000 167.9
10 T 42.391460000 -76.882610000 167.8
10 T 42.390070000 -76.881220000 162.0
10 T 42.388920000 -76.880160000 156.9
10 T 42.386930000 -76.878150000 147.7
10 T 42.386740000 -76.877970000 147.4
10 T 42.386430000 -76.877710000 146.3
10 T 42.386080000 -76.877460000 144.6
10 T 42.385740000 -76.877250000 144.2
10 T 42.384920000 -76.876780000 144.6
10 T 42.384240000 -76.876400000 144.9
10 T 42.383990000 -76.876240000 144.5
10 T 42.383900000 -76.876160000 143.5
10 T 42.383760000 -76.875910000 141.4
10 T 42.383660000 -76.875580000 139.3
10 T 42.383620000 -76.875350000 137.7
10 T 42.383560000 -76.874980000 137.2
10 T 42.383550000 -76.874570000 137.4
10 T 42.383580000 -76.874170000 137.6
10 T 42.383660000 -76.874120000 137.4
10 T 42.383720000 -76.874120000 137.2
10 T 42.383760000 -76.873770000 136.8
10 T 42.383780000 -76.873460000 136.8
10 T 42.383750000 -76.873200000 136.9
10 T 42.383680000 -76.872850000 137.4
10 T 42.383560000 -76.872820000 137.4
10 T 42.383350000 -76.872690000 137.3
10 T 42.383130000 -76.872570000 137.2
10 T 42.382510000 -76.872240000 137.8
10 T 42.382970000 -76.870660000 137.1
10 T 42.382310000 -76.870310000 137.8
10 T 42.382780000 -76.868710000 137.3
10 T 42.382090000 -76.868330000 137.5
10 T 42.382600000 -76.866600000 137.5
10 T 42.383170000 -76.864880000 137.2
10 T 42.383590000 -76.863420000 138.6
10 T 42.383770000 -76.862850000 135.4
10 T 42.383950000 -76.862290000 137.7
10 T 42.384130000 -76.861750000 138.5
10 T 42.384270000 -76.861240000 136.7
10 T 42.384430000 -76.860710000 136.6
10 T 42.384540000 -76.860330000 136.5
10 T 42.384740000 -76.860260000 136.4
10 T 42.385010000 -76.860220000 136.3
10 T 42.385220000 -76.860180000 136.3
10 T 42.385330000 -76.859840000 136.3
10 T 42.385400000 -76.859550000 136.3
10 T 42.385440000 -76.859410000 136.3
10 T 42.385500000 -76.859320000 136.3
10 T 42.385560000 -76.859270000 136.4
10 T 42.385640000 -76.859240000 136.4
10 T 42.385730000 -76.859210000 136.3
10 T 42.385810000 -76.859170000 136.2
10 T 42.385870000 -76.859100000 136.2
10 T 42.385920000 -76.858990000 136.2
10 T 42.385940000 -76.858890000 136.3
10 T 42.386020000 -76.858490000 136.0
10 T 42.385970000 -76.858410000 136.1
10 T 42.385830000 -76.858330000 136.3
10 T 42.385720000 -76.858280000 136.4
10 T 42.385590000 -76.858220000 136.4
11 T 42.385570000 -76.858210000 136.4
11 T 42.385370000 -76.858110000 136.6
11 T 42.385350000 -76.857670000 136.6
11 T 42.385340000 -76.857450000 136.6
11 T 42.385310000 -76.857430000 136.6
11 T 42.385490000 -76.856860000 136.9
11 T 42.385590000 -76.856590000 136.8
11 T 42.385780000 -76.856220000 137.3
11 T 42.386070000 -76.855790000 137.8
11 T 42.386310000 -76.855540000 136.6
11 T 42.386610000 -76.855280000 137.2
11 T 42.386870000 -76.855120000 138.0
11 T 42.387200000 -76.854970000 137.4
11 T 42.387500000 -76.854900000 137.7
11 T 42.387870000 -76.854870000 137.6
11 T 42.388140000 -76.854890000 137.5
11 T 42.388510000 -76.854990000 138.5
11 T 42.389360000 -76.855320000 138.8
11 T 42.389970000 -76.855510000 138.1
11 T 42.391510000 -76.855840000 149.0
11 T 42.391960000 -76.855960000 153.9
11 T 42.392440000 -76.856100000 158.8
11 T 42.392560000 -76.856120000 161.8
11 T 42.393290000 -76.856350000 167.1
11 T 42.393610000 -76.856450000 171.9
11 T 42.394800000 -76.856870000 179.2
11 T 42.394790000 -76.856940000 178.9
11 T 42.394800000 -76.856960000 179.0
11 T 42.394850000 -76.857010000 180.2
11 T 42.395660000 -76.857460000 179.9
11 T 42.396160000 -76.857740000 181.0
11 T 42.396550000 -76.857990000 180.2
11 T 42.397850000 -76.858920000 179.5
11 T 42.398730000 -76.859480000 181.2
11 T 42.399510000 -76.859960000 180.1
11 T 42.400730000 -76.860700000 181.7
11 T 42.401520000 -76.861140000 183.6
11 T 42.402610000 -76.861710000 185.3
11 T 42.403270000 -76.862110000 186.5
11 T 42.403770000 -76.862410000 187.3
11 T 42.404030000 -76.862540000 188.8
11 T 42.404680000 -76.862800000 191.2
11 T 42.405420000 -76.863070000 192.4
11 T 42.405680000 -76.863180000 192.8
11 T 42.406090000 -76.863370000 191.1
11 T 42.407290000 -76.864030000 188.2
11 T 42.407800000 -76.864260000 187.3
11 T 42.410110000 -76.865110000 186.2
11 T 42.410530000 -76.865240000 185.9
11 T 42.411620000 -76.865540000 188.5
11 T 42.412560000 -76.865830000 188.9
11 T 42.413850000 -76.866190000 186.0
11 T 42.414540000 -76.866310000 183.2
11 T 42.415410000 -76.866430000 183.9
11 T 42.416520000 -76.866650000 178.6
11 T 42.417090000 -76.866720000 180.2
11 T 42.417720000 -76.866760000 178.9
11 T 42.418080000 -76.866760000 173.7
11 T 42.419050000 -76.866790000 178.7
11 T 42.419530000 -76.866810000 179.2
11 T 42.419530000 -76.866810000 179.2
11 T 42.420980000 -76.866810000 180.6
11 T 42.422470000 -76.866710000 182.0
11 T 42.424430000 -76.866540000 185.3
11 T 42.424690000 -76.866490000 186.7
11 T 42.424930000 -76.866420000 187.3
11 T 42.425260000 -76.866300000 188.5
11 T 42.425800000 -76.865940000 189.8
11 T 42.426470000 -76.865470000 197.5
11 T 42.426920000 -76.865230000 198.8
11 T 42.427550000 -76.864980000 199.5
11 T 42.432310000 -76.863280000 220.9
11 T 42.432780000 -76.863170000 223.5
12 T 42.432820000 -76.863140000 223.8
12 T 42.433130000 -76.863100000 223.8
12 T 42.433440000 -76.863070000 222.9
12 T 42.433730000 -76.863090000 224.3
12 T 42.434120000 -76.863110000 224.6
12 T 42.435270000 -76.863210000 226.8
12 T 42.436430000 -76.863290000 227.9
12 T 42.437580000 -76.863360000 229.2
12 T 42.438740000 -76.863440000 231.1
12 T 42.439900000 -76.863510000 231.8
12 T 42.441050000 -76.863580000 232.2
12 T 42.442210000 -76.863660000 232.7
12 T 42.443360000 -76.863730000 232.8
12 T 42.444520000 -76.863800000 232.6
12 T 42.445680000 -76.863870000 232.1
12 T 42.446860000 -76.863920000 232.2
12 T 42.446860000 -76.863930000 232.1
12 T 42.450730000 -76.864210000 234.0
12 T 42.451390000 -76.864220000 235.2
12 T 42.452190000 -76.864120000 237.1
12 T 42.452820000 -76.864110000 236.2
12 T 42.454100000 -76.864150000 241.2
12 T 42.455690000 -76.864210000 246.8
12 T 42.456290000 -76.864250000 248.6
12 T 42.457230000 -76.864370000 249.8
12 T 42.457860000 -76.864470000 253.0
12 T 42.458290000 -76.864580000 252.5
12 T 42.461500000 -76.865350000 254.6
12 T 42.463700000 -76.865860000 258.0
12 T 42.466080000 -76.866380000 262.3
12 T 42.471320000 -76.867590000 270.6
12 T 42.472360000 -76.867830000 271.5
12 T 42.474730000 -76.868320000 273.6
12 T 42.477460000 -76.868860000 274.8
12 T 42.479560000 -76.869430000 270.2
12 T 42.481270000 -76.869980000 264.7
12 T 42.481890000 -76.870170000 263.0
12 T 42.482850000 -76.870390000 260.2
12 T 42.483270000 -76.870470000 259.4
12 T 42.483580000 -76.870500000 259.0
12 T 42.484400000 -76.870460000 259.1
12 T 42.486730000 -76.870290000 257.8
12 T 42.487340000 -76.870210000 257.7
12 T 42.489190000 -76.869910000 255.6
12 T 42.489890000 -76.869870000 255.4
12 T 42.491220000 -76.869990000 254.5
12 T 42.491780000 -76.870070000 255.3
12 T 42.492110000 -76.870160000 255.5
12 T 42.492370000 -76.870260000 255.5
12 T 42.493670000 -76.870830000 253.9
12 T 42.494170000 -76.871030000 253.0
12 T 42.494450000 -76.871070000 252.7
12 T 42.495540000 -76.871160000 253.0
12 T 42.497470000 -76.871380000 252.5
12 T 42.498150000 -76.871480000 254.1
12 T 42.498530000 -76.871500000 256.4
12 T 42.498970000 -76.871570000 259.1
12 T 42.499350000 -76.871700000 260.3
12 T 42.499560000 -76.871790000 260.5
12 T 42.499860000 -76.871960000 260.4
12 T 42.500690000 -76.872550000 258.2
12 T 42.502640000 -76.873930000 253.4
12 T 42.504510000 -76.875270000 250.6
12 T 42.505410000 -76.875890000 248.6
12 T 42.505780000 -76.876130000 247.0
12 T 42.505910000 -76.876190000 247.6
12 T 42.506190000 -76.876270000 247.9
12 T 42.506560000 -76.876340000 248.2
12 T 42.509830000 -76.876670000 246.2
12 T 42.510770000 -76.876730000 244.5
12 T 42.511340000 -76.876700000 244.4
12 T 42.512210000 -76.876620000 244.3
12 T 42.512640000 -76.876540000 243.8
12 T 42.512760000 -76.876500000 243.9
12 T 42.513170000 -76.876310000 242.5
12 T 42.513670000 -76.876050000 241.1
12 T 42.515410000 -76.875070000 240.9
12 T 42.517390000 -76.873980000 241.3
12 T 42.517850000 -76.873750000 242.1
12 T 42.518240000 -76.873610000 242.3
12 T 42.518560000 -76.873540000 242.6
12 T 42.518700000 -76.873520000 242.7
12 T 42.519200000 -76.873490000 242.6
12 T 42.519650000 -76.873520000 241.8
12 T 42.519840000 -76.873550000 241.2
13 T 42.519860000 -76.873550000 241.2
13 T 42.519850000 -76.873550000 241.2
13 T 42.521200000 -76.873860000 236.8
13 T 42.523010000 -76.874250000 231.6
13 T 42.525320000 -76.874770000 221.7
13 T 42.526880000 -76.875100000 216.7
13 T 42.527560000 -76.875280000 213.8
13 T 42.528330000 -76.875520000 211.4
13 T 42.530810000 -76.876330000 199.9
13 T 42.532270000 -76.876800000 192.3
13 T 42.532520000 -76.876870000 190.7
13 T 42.532830000 -76.876930000 190.5
13 T 42.533430000 -76.877000000 189.6
13 T 42.534910000 -76.877190000 186.8
13 T 42.535530000 -76.877240000 190.6
13 T 42.535830000 -76.877210000 192.1
13 T 42.536150000 -76.877130000 193.1
13 T 42.536490000 -76.877000000 194.7
13 T 42.536790000 -76.876830000 194.5
13 T 42.537610000 -76.876210000 196.4
13 T 42.537970000 -76.875970000 200.0
13 T 42.539030000 -76.875460000 201.5
13 T 42.542100000 -76.873870000 216.4
13 T 42.544240000 -76.872750000 225.0
13 T 42.545910000 -76.871810000 231.2
13 T 42.548380000 -76.870400000 238.1
13 T 42.554720000 -76.866870000 252.9
13 T 42.556990000 -76.865610000 255.8
13 T 42.558610000 -76.864710000 259.6
13 T 42.561680000 -76.862950000 267.3
13 T 42.562500000 -76.862510000 268.4
13 T 42.564190000 -76.861670000 270.6
13 T 42.565080000 -76.861240000 272.7
13 T 42.565630000 -76.860910000 275.2
13 T 42.566090000 -76.860590000 276.3
13 T 42.566570000 -76.860210000 277.7
13 T 42.567970000 -76.859140000 281.9
13 T 42.568490000 -76.858800000 283.1
13 T 42.568980000 -76.858540000 283.3
13 T 42.569390000 -76.858350000 284.4
13 T 42.569730000 -76.858230000 283.4
13 T 42.570340000 -76.858050000 283.1
13 T 42.570870000 -76.857950000 282.5
13 T 42.571560000 -76.857930000 282.0
13 T 42.572220000 -76.857950000 280.6
13 T 42.573130000 -76.858070000 277.8
13 T 42.573640000 -76.858150000 275.9
13 T 42.574290000 -76.858160000 277.2
13 T 42.574710000 -76.858140000 278.2
13 T 42.575330000 -76.858060000 279.9
13 T 42.575880000 -76.857960000 280.2
13 T 42.576350000 -76.857840000 280.7
13 T 42.578380000 -76.857190000 278.9
13 T 42.579880000 -76.856720000 275.1
13 T 42.580740000 -76.856420000 275.5
13 T 42.581080000 -76.856270000 275.5
13 T 42.581600000 -76.856020000 275.8
13 T 42.582210000 -76.855660000 277.3
13 T 42.582710000 -76.855320000 279.9
13 T 42.583350000 -76.854830000 281.9
13 T 42.583580000 -76.854630000 282.7
13 T 42.584350000 -76.853860000 286.6
13 T 42.585540000 -76.852480000 292.8
13 T 42.585980000 -76.851960000 293.7
14 T 42.586010000 -76.851930000 293.7
14 T 42.586010000 -76.851930000 293.7
14 T 42.586520000 -76.851280000 295.3
14 T 42.587050000 -76.850510000 296.5
14 T 42.587560000 -76.849640000 298.7
14 T 42.587720000 -76.849340000 298.7
14 T 42.587880000 -76.849460000 298.5
14 T 42.588020000 -76.849520000 298.2
14 T 42.588090000 -76.849550000 298.0
14 T 42.588780000 -76.849590000 296.0
14 T 42.590440000 -76.849660000 291.4
14 T 42.591170000 -76.849840000 289.3
14 T 42.592190000 -76.850170000 283.2
14 T 42.592500000 -76.850240000 282.8
14 T 42.593170000 -76.850270000 279.4
14 T 42.593750000 -76.850280000 278.4
14 T 42.594570000 -76.850150000 278.2
14 T 42.595320000 -76.849980000 277.6
14 T 42.596500000 -76.849700000 277.1
14 T 42.596500000 -76.849700000 277.1
14 T 42.598170000 -76.849280000 272.7
14 T 42.599120000 -76.848950000 271.8
14 T 42.601220000 -76.848130000 272.7
14 T 42.602210000 -76.847710000 271.0
14 T 42.604670000 -76.846570000 269.0
14 T 42.604970000 -76.846490000 269.1
14 T 42.605440000 -76.846500000 268.1
14 T 42.606180000 -76.846600000 266.3
14 T 42.606830000 -76.846740000 264.2
14 T 42.608500000 -76.847230000 261.1
14 T 42.609960000 -76.847790000 258.2
14 T 42.610730000 -76.848170000 259.2
14 T 42.611350000 -76.848630000 258.3
14 T 42.611740000 -76.848790000 252.6
14 T 42.611920000 -76.848790000 250.5
14 T 42.612100000 -76.848710000 248.2
14 T 42.612460000 -76.848450000 250.2
14 T 42.612650000 -76.848380000 252.4
14 T 42.612850000 -76.848360000 255.2
14 T 42.613260000 -76.848440000 255.9
14 T 42.613860000 -76.848500000 255.5
14 T 42.614230000 -76.848520000 255.6
14 T 42.614480000 -76.848570000 255.0
14 T 42.615900000 -76.848930000 250.5
14 T 42.617100000 -76.849290000 253.5
14 T 42.617640000 -76.849420000 252.3
14 T 42.617930000 -76.849440000 253.1
14 T 42.618090000 -76.849420000 253.5
14 T 42.619930000 -76.849010000 255.0
14 T 42.620470000 -76.848920000 254.8
14 T 42.621750000 -76.848820000 255.0
14 T 42.622000000 -76.848760000 255.6
14 T 42.622170000 -76.848680000 255.8
14 T 42.622400000 -76.848510000 255.7
14 T 42.622740000 -76.848110000 256.7
14 T 42.624610000 -76.845370000 262.3
14 T 42.625080000 -76.844690000 265.3
14 T 42.625550000 -76.844110000 265.7
14 T 42.625880000 -76.843790000 266.6
14 T 42.626110000 -76.843650000 268.0
14 T 42.626230000 -76.843600000 268.5
14 T 42.626470000 -76.843570000 268.5
14 T 42.627100000 -76.843580000 268.7
15 T 42.627130000 -76.843580000 268.7
15 T 42.627130000 -76.843580000 268.7
15 T 42.628900000 -76.843630000 265.8
15 T 42.629560000 -76.843700000 267.5
15 T 42.630690000 -76.843790000 266.3
15 T 42.635470000 -76.844090000 256.8
15 T 42.641430000 -76.844450000 249.3
15 T 42.644920000 -76.844700000 246.5
15 T 42.645070000 -76.844720000 246.3
15 T 42.645300000 -76.844810000 245.8
15 T 42.645570000 -76.844980000 244.7
15 T 42.645860000 -76.845250000 243.7
15 T 42.646340000 -76.845770000 241.5
15 T 42.646450000 -76.845860000 241.1
15 T 42.646640000 -76.845980000 241.2
15 T 42.646830000 -76.846060000 240.7
15 T 42.647620000 -76.846300000 239.8
15 T 42.648110000 -76.846460000 241.4
15 T 42.648370000 -76.846520000 241.6
15 T 42.649080000 -76.846540000 242.5
15 T 42.651700000 -76.846480000 245.6
15 T 42.652260000 -76.846480000 245.7
15 T 42.652660000 -76.846550000 245.7
15 T 42.653890000 -76.846780000 248.4
15 T 42.654540000 -76.846940000 248.2
15 T 42.657580000 -76.847890000 238.2
15 T 42.662040000 -76.849410000 232.4
15 T 42.664520000 -76.850290000 231.1
15 T 42.664870000 -76.850480000 230.7
15 T 42.665110000 -76.850660000 230.1
15 T 42.665460000 -76.851010000 229.4
15 T 42.666650000 -76.852290000 227.4
15 T 42.669050000 -76.855000000 222.9
15 T 42.669310000 -76.855310000 220.8
15 T 42.669570000 -76.855690000 219.5
15 T 42.670030000 -76.856390000 216.7
15 T 42.670200000 -76.856700000 215.4
15 T 42.671200000 -76.858470000 208.1
15 T 42.672330000 -76.860390000 203.7
15 T 42.672620000 -76.860790000 202.5
15 T 42.672860000 -76.861020000 201.9
15 T 42.673110000 -76.861160000 202.0
15 T 42.673310000 -76.861220000 202.2
15 T 42.674480000 -76.861290000 200.7
15 T 42.674520000 -76.861450000 200.4
15 T 42.674600000 -76.861740000 200.2
15 T 42.674790000 -76.861960000 199.9
15 T 42.675050000 -76.862190000 199.3
15 T 42.675490000 -76.862560000 198.1
15 T 42.675620000 -76.862780000 198.3
15 T 42.675800000 -76.863330000 197.4
15 T 42.675920000 -76.863700000 197.3
15 T 42.675940000 -76.863890000 197.0
15 T 42.675900000 -76.864170000 196.3
16 T 42.675890000 -76.864220000 196.1
16 T 42.675840000 -76.864610000 195.1
16 T 42.675860000 -76.865060000 193.7
16 T 42.675870000 -76.865530000 191.9
16 T 42.675900000 -76.866000000 191.2
16 T 42.675990000 -76.866450000 190.2
16 T 42.676090000 -76.866780000 188.4
16 T 42.676230000 -76.867030000 189.0
16 T 42.676320000 -76.867230000 187.4
16 T 42.676340000 -76.867480000 188.1
16 T 42.676300000 -76.867720000 188.1
16 T 42.676220000 -76.867860000 187.9
16 T 42.676020000 -76.867850000 188.0
16 T 42.675610000 -76.867850000 187.7
16 T 42.675210000 -76.867810000 187.6
16 T 42.674800000 -76.867810000 187.6
16 T 42.674480000 -76.867840000 187.2
16 T 42.674430000 -76.868030000 186.9
16 T 42.674400000 -76.868550000 186.5
16 T 42.674380000 -76.869110000 185.8
16 T 42.674340000 -76.869710000 185.3
16 T 42.674310000 -76.870380000 184.7
16 T 42.674280000 -76.871080000 183.9
16 T 42.674250000 -76.871500000 184.1
16 T 42.674210000 -76.872060000 183.1
16 T 42.674140000 -76.872640000 180.6
16 T 42.674070000 -76.873220000 175.4
16 T 42.674010000 -76.873800000 167.4
16 T 42.673950000 -76.874290000 161.1
16 T 42.673840000 -76.874780000 157.7
16 T 42.673680000 -76.874820000 157.1
16 T 42.673380000 -76.874780000 155.9
16 T 42.673060000 -76.874700000 155.0
16 T 42.672760000 -76.874690000 154.4
16 T 42.672510000 -76.874830000 152.1
16 T 42.672290000 -76.875000000 149.4
16 T 42.672260000 -76.875320000 148.0
16 T 42.672270000 -76.875760000 146.4
16 T 42.672360000 -76.875940000 145.8
16 T 42.672620000 -76.876130000 144.7
16 T 42.672820000 -76.876260000 144.9
16 T 42.673300000 -76.876350000 146.4
16 T 42.673560000 -76.876380000 147.2
16 T 42.674040000 -76.876590000 147.9
16 T 42.674040000 -76.876810000 146.9
16 T 42.674070000 -76.877000000 146.5
16 T 42.674520000 -76.877040000 149.4
16 T 42.675120000 -76.877170000 150.3
16 T 42.675720000 -76.877300000 150.7
16 T 42.676320000 -76.877430000 152.1
16 T 42.676620000 -76.877450000 152.7
16 T 42.676830000 -76.877290000 153.6
16 T 42.677020000 -76.877140000 154.4
16 T 42.677370000 -76.877270000 154.7
16 T 42.677720000 -76.877360000 154.8
16 T 42.678150000 -76.877420000 153.2
16 T 42.678570000 -76.877510000 155.0
16 T 42.678910000 -76.877570000 156.5
16 T 42.679360000 -76.877550000 157.4
16 T 42.679750000 -76.877270000 157.3
16 T 42.680320000 -76.877210000 155.9
16 T 42.680450000 -76.877750000 153.3
16 T 42.680560000 -76.878340000 152.0
16 T 42.680580000 -76.879020000 150.6
16 T 42.680590000 -76.879460000 147.9
16 T 42.680540000 -76.879750000 145.8
16 T 42.680470000 -76.880030000 143.2
16 T 42.680430000 -76.880210000 141.1
16 T 42.680500000 -76.880400000 140.0
16 T 42.680750000 -76.880570000 138.7
16 T 42.681080000 -76.880670000 137.8
16 T 42.681610000 -76.880770000 139.3
16 T 42.682040000 -76.881250000 138.6
16 T 42.682520000 -76.881730000 139.9
16 T 42.683000000 -76.882210000 138.7
16 T 42.683250000 -76.882440000 137.7
16 T 42.683510000 -76.882580000 137.4
16 T 42.683940000 -76.882640000 138.1
16 T 42.684390000 -76.882670000 140.4
16 T 42.684840000 -76.882670000 145.6
16 T 42.685090000 -76.882720000 146.8
16 T 42.685320000 -76.882840000 146.6
16 T 42.685550000 -76.883030000 146.0
16 T 42.685780000 -76.883300000 145.7
16 T 42.686080000 -76.883640000 145.8
16 T 42.686390000 -76.884000000 146.2
16 T 42.686770000 -76.884380000 145.5
16 T 42.687160000 -76.884760000 146.3
16 T 42.687540000 -76.885140000 146.4
16 T 42.687920000 -76.885520000 146.5
16 T 42.688300000 -76.885910000 147.1
16 T 42.688690000 -76.886290000 147.3
16 T 42.689170000 -76.886710000 147.3
16 T 42.689660000 -76.887120000 149.6
16 T 42.690130000 -76.887550000 150.3
16 T 42.690590000 -76.888040000 148.7
16 T 42.691030000 -76.888550000 149.7
16 T 42.691470000 -76.889090000 149.3
16 T 42.691810000 -76.889490000 149.7
16 T 42.692230000 -76.889900000 149.0
16 T 42.692650000 -76.890300000 148.8
16 T 42.693100000 -76.890680000 148.4
16 T 42.693580000 -76.891120000 149.8
16 T 42.694080000 -76.891580000 149.9
16 T 42.694610000 -76.892040000 150.7
16 T 42.695140000 -76.892470000 148.4
16 T 42.695660000 -76.892930000 149.2
16 T 42.696120000 -76.893360000 147.6
16 T 42.696620000 -76.893730000 148.4
16 T 42.697130000 -76.894100000 147.0
16 T 42.697630000 -76.894490000 148.4
16 T 42.698140000 -76.894870000 146.2
16 T 42.698650000 -76.895260000 145.0
16 T 42.699180000 -76.895660000 143.6
16 T 42.699710000 -76.896060000 142.9
16 T 42.700240000 -76.896480000 144.0
16 T 42.700770000 -76.896890000 142.2
16 T 42.701320000 -76.897280000 143.4
16 T 42.701860000 -76.897660000 142.3
16 T 42.702440000 -76.898030000 141.7
16 T 42.703030000 -76.898430000 142.0
16 T 42.703620000 -76.898840000 141.4
16 T 42.704200000 -76.899270000 140.9
16 T 42.704780000 -76.899700000 140.5
16 T 42.705360000 -76.900110000 140.0
16 T 42.706030000 -76.900570000 139.1
16 T 42.706770000 -76.900970000 140.4
16 T 42.707300000 -76.901220000 140.6
16 T 42.707890000 -76.901400000 140.1
16 T 42.708520000 -76.901520000 141.2
16 T 42.709150000 -76.901630000 142.7
16 T 42.709790000 -76.901720000 144.7
16 T 42.710420000 -76.901820000 146.1
16 T 42.711050000 -76.901940000 147.0
16 T 42.711630000 -76.902040000 148.5
17 T 42.711770000 -76.902060000 148.7
17 T 42.712110000 -76.902120000 149.1
17 T 42.712770000 -76.902190000 148.8
17 T 42.713430000 -76.902240000 151.2
17 T 42.714110000 -76.902260000 153.0
17 T 42.714800000 -76.902280000 154.8
17 T 42.715470000 -76.902300000 155.7
17 T 42.716160000 -76.902330000 157.4
17 T 42.716840000 -76.902350000 158.8
17 T 42.717540000 -76.902410000 160.2
17 T 42.718250000 -76.902470000 160.9
17 T 42.718950000 -76.902550000 160.5
17 T 42.719320000 -76.902660000 159.5
17 T 42.719670000 -76.902830000 157.2
17 T 42.720110000 -76.903060000 159.6
17 T 42.720640000 -76.903310000 161.3
17 T 42.721310000 -76.903620000 162.2
17 T 42.722020000 -76.903920000 162.6
17 T 42.722730000 -76.904240000 162.6
17 T 42.723440000 -76.904560000 163.2
17 T 42.724160000 -76.904890000 163.3
17 T 42.724870000 -76.905220000 163.5
17 T 42.725590000 -76.905530000 163.7
17 T 42.726320000 -76.905850000 163.4
17 T 42.726610000 -76.906000000 163.5
17 T 42.726250000 -76.907040000 160.3
17 T 42.725860000 -76.908120000 156.9
17 T 42.725620000 -76.908750000 154.7
17 T 42.725630000 -76.908910000 154.3
17 T 42.726230000 -76.909320000 154.4
17 T 42.725930000 -76.910150000 151.6
17 T 42.725880000 -76.910430000 150.4
17 T 42.726320000 -76.910740000 150.1
17 T 42.726500000 -76.911040000 149.4
17 T 42.726650000 -76.911470000 148.3
17 T 42.726840000 -76.911900000 147.4
17 T 42.727210000 -76.912270000 147.3
17 T 42.728000000 -76.912740000 146.3
17 T 42.728790000 -76.913210000 145.3
17 T 42.729330000 -76.913490000 146.2
17 T 42.729590000 -76.913770000 146.0
17 T 42.730050000 -76.913920000 144.2
17 T 42.730420000 -76.914080000 145.0
17 T 42.730820000 -76.914260000 142.3
17 T 42.731330000 -76.914480000 144.2
17 T 42.731700000 -76.914680000 145.3
17 T 42.732440000 -76.915030000 145.2
17 T 42.732880000 -76.915130000 145.8
17 T 42.733330000 -76.915100000 147.7
17 T 42.733740000 -76.914850000 150.0
17 T 42.734010000 -76.914490000 151.9
17 T 42.734210000 -76.913960000 154.2
17 T 42.734230000 -76.913490000 155.6
17 T 42.734160000 -76.913010000 157.3
17 T 42.733990000 -76.912570000 158.4
17 T 42.733590000 -76.911540000 160.0
17 T 42.734090000 -76.911060000 161.4
17 T 42.734000000 -76.910800000 161.8
17 T 42.733940000 -76.910550000 162.3
17 T 42.733920000 -76.910320000 162.6
17 T 42.733910000 -76.910150000 162.8
17 T 42.733950000 -76.910010000 163.1
17 T 42.734000000 -76.909910000 163.2
17 T 42.734160000 -76.909860000 163.6
17 T 42.734280000 -76.909740000 164.1
17 T 42.734340000 -76.909530000 164.5
17 T 42.734410000 -76.909240000 164.8
17 T 42.735290000 -76.909530000 165.2
17 T 42.736130000 -76.909850000 164.7
17 T 42.736670000 -76.910050000 164.1
17 T 42.737130000 -76.910260000 161.2
17 T 42.737480000 -76.910490000 163.1
17 T 42.737780000 -76.910810000 163.1
17 T 42.738080000 -76.911150000 163.2
17 T 42.738490000 -76.911640000 162.9
17 T 42.738950000 -76.912240000 162.7
18 T 42.738950000 -76.912270000 162.6
18 T 42.738690000 -76.913320000 159.3
18 T 42.738590000 -76.913740000 158.3
18 T 42.738740000 -76.914070000 158.1
18 T 42.739340000 -76.914790000 158.2
18 T 42.739980000 -76.915590000 157.5
18 T 42.740670000 -76.916400000 157.0
18 T 42.741100000 -76.916890000 155.2
18 T 42.741760000 -76.916430000 157.2
18 T 42.742200000 -76.916240000 157.3
18 T 42.742540000 -76.916590000 156.1
18 T 42.743010000 -76.917180000 154.1
18 T 42.743000000 -76.917190000 154.1
18 T 42.743750000 -76.918120000 150.2
18 T 42.744520000 -76.919060000 146.4
18 T 42.744690000 -76.919230000 146.0
18 T 42.744950000 -76.919410000 144.6
18 T 42.745260000 -76.919510000 144.5
18 T 42.746190000 -76.919480000 144.4
18 T 42.746820000 -76.919510000 138.2
18 T 42.749080000 -76.919970000 143.0
18 T 42.751570000 -76.920510000 142.3
18 T 42.752660000 -76.920690000 141.8
18 T 42.754230000 -76.920840000 139.6
18 T 42.757040000 -76.921180000 142.2
18 T 42.758780000 -76.921350000 140.6
18 T 42.761160000 -76.921590000 141.2
18 T 42.765710000 -76.922020000 141.4
18 T 42.765960000 -76.922080000 141.2
18 T 42.766230000 -76.922180000 140.7
18 T 42.767380000 -76.922700000 138.7
18 T 42.768320000 -76.923120000 138.9
18 T 42.769310000 -76.923460000 139.5
18 T 42.771310000 -76.924230000 140.7
18 T 42.772480000 -76.924540000 140.0
18 T 42.773850000 -76.924880000 140.0
18 T 42.776910000 -76.925490000 139.6
18 T 42.778500000 -76.925770000 141.0
18 T 42.779710000 -76.925940000 141.4
18 T 42.781480000 -76.926120000 138.1
18 T 42.781930000 -76.926200000 138.3
18 T 42.782420000 -76.926340000 137.7
18 T 42.782900000 -76.926510000 138.4
18 T 42.783060000 -76.926580000 137.7
19 T 42.783080000 -76.926600000 137.4
19 T 42.783080000 -76.926590000 137.5
19 T 42.785950000 -76.928000000 135.9
19 T 42.786630000 -76.928320000 138.6
19 T 42.786980000 -76.928530000 138.4
19 T 42.787170000 -76.928660000 138.3
19 T 42.788150000 -76.929500000 138.5
19 T 42.789220000 -76.930470000 138.2
19 T 42.789790000 -76.930930000 138.4
19 T 42.790680000 -76.931600000 137.6
19 T 42.791050000 -76.931850000 138.0
19 T 42.791520000 -76.932110000 138.0
19 T 42.793300000 -76.932950000 137.7
19 T 42.794240000 -76.933310000 138.7
19 T 42.794740000 -76.933460000 140.1
19 T 42.795110000 -76.933520000 139.6
19 T 42.795500000 -76.933530000 140.2
19 T 42.796880000 -76.933390000 142.0
19 T 42.798710000 -76.933190000 143.2
19 T 42.800730000 -76.932950000 143.4
19 T 42.807820000 -76.932160000 149.2
19 T 42.812600000 -76.931630000 152.0
19 T 42.817650000 -76.931100000 168.1
19 T 42.819150000 -76.930920000 170.5
20 T 42.819170000 -76.930920000 170.5
20 T 42.819170000 -76.930920000 170.5
20 T 42.820150000 -76.930800000 171.7
20 T 42.821880000 -76.930600000 173.9
20 T 42.822990000 -76.930540000 173.0
20 T 42.826710000 -76.930390000 169.6
20 T 42.831050000 -76.930140000 174.4
20 T 42.831770000 -76.930090000 175.0
20 T 42.835220000 -76.929970000 166.9
20 T 42.836860000 -76.929990000 166.3
20 T 42.839010000 -76.930030000 169.0
20 T 42.841220000 -76.930110000 170.7
20 T 42.841320000 -76.930110000 170.8
20 T 42.842020000 -76.930180000 170.5
20 T 42.842720000 -76.930310000 170.8
20 T 42.843800000 -76.930600000 171.9
20 T 42.844720000 -76.930880000 169.0
20 T 42.848620000 -76.932030000 159.9
20 T 42.850490000 -76.932570000 157.9
20 T 42.852090000 -76.933040000 159.1
20 T 42.853550000 -76.933450000 161.7
20 T 42.854540000 -76.933750000 164.6
21 T 42.854570000 -76.933760000 164.7
21 T 42.854980000 -76.933880000 165.6
21 T 42.855320000 -76.933950000 166.9
21 T 42.855740000 -76.934160000 166.7
21 T 42.855940000 -76.934270000 166.1
21 T 42.856170000 -76.934400000 165.4
21 T 42.856400000 -76.934410000 164.5
21 T 42.856630000 -76.934370000 163.5
21 T 42.856770000 -76.934340000 163.2
21 T 42.857280000 -76.935080000 162.9
21 T 42.858020000 -76.935710000 161.6
21 T 42.858870000 -76.936190000 161.6
21 T 42.859820000 -76.936710000 162.3
21 T 42.861120000 -76.937400000 161.3
21 T 42.861980000 -76.937750000 158.3
21 T 42.862740000 -76.937920000 155.7
21 T 42.863600000 -76.937890000 151.5
21 T 42.864340000 -76.937740000 147.5
21 T 42.865090000 -76.937420000 144.7
21 T 42.865900000 -76.936980000 142.4
21 T 42.866550000 -76.936630000 142.3
21 T 42.867270000 -76.936400000 141.1
21 T 42.867950000 -76.936370000 140.8
21 T 42.868610000 -76.936440000 140.5
21 T 42.869210000 -76.936670000 141.1
21 T 42.869850000 -76.937000000 141.5
21 T 42.870510000 -76.937510000 140.7
21 T 42.871190000 -76.938070000 137.7
21 T 42.871870000 -76.938630000 141.5
21 T 42.872560000 -76.939190000 141.3
21 T 42.873240000 -76.939750000 138.8
21 T 42.873930000 -76.940300000 139.2
21 T 42.874560000 -76.940900000 139.7
21 T 42.875180000 -76.941540000 141.4
21 T 42.875650000 -76.942160000 142.4
21 T 42.876060000 -76.942880000 142.4
21 T 42.876420000 -76.943810000 142.4
21 T 42.876520000 -76.944230000 141.4
21 T 42.876500000 -76.944590000 140.3
21 T 42.876390000 -76.944870000 140.4
21 T 42.876140000 -76.945250000 139.0
21 T 42.875890000 -76.945620000 137.6
21 T 42.875640000 -76.946010000 138.0
21 T 42.875430000 -76.946520000 136.9
21 T 42.875240000 -76.947050000 137.2
21 T 42.875040000 -76.948020000 137.8
21 T 42.874680000 -76.947940000 137.3
21 T 42.874590000 -76.948370000 137.4
21 T 42.873960000 -76.948210000 137.5
21 T 42.873520000 -76.948090000 137.0
21 T 42.873410000 -76.948140000 136.9
21 T 42.873230000 -76.948980000 136.8
21 T 42.873190000 -76.949720000 136.7
21 T 42.873330000 -76.952370000 135.6
21 T 42.873400000 -76.954130000 136.0
21 T 42.873350000 -76.956600000 135.8
21 T 42.873280000 -76.959110000 136.1
21 T 42.873180000 -76.961640000 137.3
21 T 42.873050000 -76.963250000 135.8
21 T 42.872890000 -76.964870000 135.7
21 T 42.872710000 -76.966520000 135.8
21 T 42.872520000 -76.968200000 136.9
21 T 42.872250000 -76.969880000 136.5
21 T 42.872240000 -76.970080000 136.7
21 T 42.872220000 -76.970270000 137.3
21 T 42.872300000 -76.970480000 137.4
21 T 42.872420000 -76.970760000 137.0
21 T 42.872560000 -76.971070000 137.0
21 T 42.872650000 -76.971270000 137.0
21 T 42.872690000 -76.971390000 137.1
21 T 42.872710000 -76.971500000 137.2
21 T 42.872700000 -76.971610000 137.2
21 T 42.872690000 -76.971710000 137.2
21 T 42.872600000 -76.971920000 137.1
21 T 42.872500000 -76.972170000 136.6
21 T 42.872430000 -76.972360000 136.4
21 T 42.872310000 -76.972690000 136.9
21 T 42.872190000 -76.973030000 137.0
21 T 42.872060000 -76.973360000 136.8
21 T 42.871920000 -76.973710000 136.5
21 T 42.871810000 -76.974000000 136.4
21 T 42.871730000 -76.974250000 136.1
21 T 42.871690000 -76.974340000 136.1
21 T 42.871640000 -76.974340000 136.0
21 T 42.871600000 -76.974330000 135.9
21 T 42.871560000 -76.974310000 135.8
21 T 42.871550000 -76.974270000 135.8
21 T 42.871550000 -76.974190000 135.8
21 T 42.871570000 -76.974090000 135.8
21 T 42.871610000 -76.973940000 135.8
21 T 42.871650000 -76.973790000 135.9
21 T 42.871680000 -76.973620000 136.0
21 T 42.871710000 -76.973450000 136.1
21 T 42.871750000 -76.973210000 136.6
21 T 42.871780000 -76.972960000 136.9
21 T 42.871810000 -76.972720000 137.1
21 T 42.871840000 -76.972530000 137.2
21 T 42.871860000 -76.972380000 137.4
21 T 42.871870000 -76.972270000 137.2
21 T 42.871910000 -76.972210000 137.0
21 T 42.871950000 -76.972200000 137.0
21 T 42.872000000 -76.972220000 136.9
